960,540
0x0x404C5E
869,364
0x0xC4C4C4
960,540
0x0x0E0E3F
960,540
0x0x8E8C8C
960,540
0x0x014DB2
960,540
0x0x1A1E7E
960,540
0x0x0E0E3E
960,540
0x0x0E0E3E
960,540
0x0xC4C4C4
792,535
0x0xC6C6C6
1128,531
0x0xC6C6C6
790,693
0x0xC6C6C6
1132,695
0x0x555555
1114,662
0x0x88B9F9
945,538
0x0xC6C6C6
945,531
0x0xC6C6C6
1268,543
0x0x8B8B8B
944,694
0x0xC6C6C6
1291,699
0x0x0D1827
787,374
0x0x000000
787,375
0x0x000000
1266,545
0x0xC5C5C5
721,377
0x0xFFFFFF
721,377
0x0xFFFFFF
264,172
0x0x0F0F16
712,341
0x0x0C1828
1160,558
960,540
939,533
951,534
1250,594
809,360
947,534
1277,696
781,368
792,377
792,377
1281,699
968,556
817,421
1080,390
1072,386
1788,357
1812,356
1812,356
1767,355
1758,357
1085,402
1104,396
1133,395
1149,392
1375,438
1111,396
1122,400
1765,358
960,540
1769,355
1805,360
1805,360
1772,363
1812,357
1806,355
960,540
